10 16 0 0 0 15 6 0 0 0 0 7 0 0 0 13
0 11 0 8 5 0 12 9 6 0 0 13 14 0 0 16
0 0 13 0 0 0 14 2 4 11 0 3 9 0 0 15
0 3 0 0 11 0 0 0 0 9 8 16 10 1 0 6
1 15 0 0 9 0 0 0 13 0 0 2 0 6 3 0
16 8 6 3 4 13 11 12 10 0 0 14 15 0 5 0
0 14 0 9 0 10 0 1 7 6 3 12 4 0 13 11
12 0 10 0 6 2 0 5 8 0 11 0 1 9 0 14
0 0 0 0 7 11 1 14 12 0 0 6 2 0 9 3
0 0 0 14 16 0 0 0 11 0 13 0 0 0 15 1
9 10 4 0 2 3 8 0 0 0 1 0 0 0 0 0
7 0 0 0 0 5 0 4 0 15 16 9 0 0 14 8 
11 6 0 10 0 0 0 0 0 0 15 0 0 0 0 9
3 0 0 0 0 0 0 16 9 14 7 0 8 13 0 5
2 9 0 16 14 0 0 10 5 0 0 8 3 0 0 4 
13 0 14 1 3 8 0 0 16 0 4 0 0 0 6 0